   1.0000000e-01   9.6191406e-01
   2.0000000e-01   8.9563746e-01
   3.0000000e-01   1.1992310e+00
   4.0000000e-01   9.0504407e-01
   5.0000000e-01   1.1141099e+00
   6.0000000e-01   9.3670520e-01
   7.0000000e-01   1.0737587e+00
   8.0000000e-01   9.6617769e-01
   9.0000000e-01   9.6728600e-01
   1.0000000e+00   1.0025169e+00
   1.1000000e+00   9.7013184e-01
   1.2000000e+00   9.7104538e-01
   1.3000000e+00   9.7759950e-01
   1.4000000e+00   8.9964145e-01
   1.5000000e+00   8.8423143e-01
   1.6000000e+00   9.7707117e-01
   1.7000000e+00   1.0616767e+00
   1.8000000e+00   8.3873496e-01
   1.9000000e+00   1.1427089e+00
   2.0000000e+00   1.1542598e+00
   2.1000000e+00   1.0168631e+00
   2.2000000e+00   1.1275846e+00
   2.3000000e+00   1.0922359e+00
   2.4000000e+00   8.8751820e-01
   2.5000000e+00   9.2052634e-01
   2.6000000e+00   1.0134799e+00
   2.7000000e+00   8.3584483e-01
   2.8000000e+00   1.0446344e+00
   2.9000000e+00   8.7769750e-01
   3.0000000e+00   1.1264517e+00
   3.1000000e+00   1.1598906e+00
   3.2000000e+00   9.6951673e-01
   3.3000000e+00   1.0576730e+00
   3.4000000e+00   9.2028481e-01
   3.5000000e+00   8.4579918e-01
   3.6000000e+00   1.0207294e+00
   3.7000000e+00   8.7434240e-01
   3.8000000e+00   1.0297381e+00
   3.9000000e+00   9.1912227e-01
   4.0000000e+00   1.0740914e+00
   4.1000000e+00   1.0165320e+00
   4.2000000e+00   1.0953306e+00
   4.3000000e+00   1.0099030e+00
   4.4000000e+00   9.7479333e-01
   4.5000000e+00   9.1580288e-01
   4.6000000e+00   8.8410440e-01
   4.7000000e+00   9.6425825e-01
   4.8000000e+00   9.8043081e-01
   4.9000000e+00   1.1179029e+00
   5.0000000e+00   8.2905629e-01
   5.1000000e+00   1.0792295e+00
   5.2000000e+00   9.5387450e-01
   5.3000000e+00   9.4924835e-01
   5.4000000e+00   1.2645168e+00
   5.5000000e+00   1.1140282e+00
   5.6000000e+00   1.1002975e+00
   5.7000000e+00   1.0076959e+00
   5.8000000e+00   9.1994184e-01
   5.9000000e+00   9.9184781e-01
   6.0000000e+00   8.7738670e-01
   6.1000000e+00   1.0208843e+00
   6.2000000e+00   1.0159279e+00
   6.3000000e+00   9.2738133e-01
   6.4000000e+00   1.1426594e+00
   6.5000000e+00   1.0208128e+00
   6.6000000e+00   1.0817755e+00
   6.7000000e+00   1.0351357e+00
   6.8000000e+00   9.0980617e-01
   6.9000000e+00   1.0338231e+00
   7.0000000e+00   1.0517515e+00
   7.1000000e+00   1.1001793e+00
   7.2000000e+00   8.7794738e-01
   7.3000000e+00   8.2001028e-01
   7.4000000e+00   1.0429029e+00
   7.5000000e+00   1.0722696e+00
   7.6000000e+00   9.5241484e-01
   7.7000000e+00   1.0806405e+00
   7.8000000e+00   9.7541812e-01
   7.9000000e+00   1.2110296e+00
   8.0000000e+00   1.0778727e+00
   8.1000000e+00   9.9094152e-01
   8.2000000e+00   8.7956824e-01
   8.3000000e+00   1.0913055e+00
   8.4000000e+00   8.6237383e-01
   8.5000000e+00   9.1416102e-01
   8.6000000e+00   8.8176129e-01
   8.7000000e+00   8.7807936e-01
   8.8000000e+00   1.0550215e+00
   8.9000000e+00   1.1419591e+00
   9.0000000e+00   9.2382500e-01
   9.1000000e+00   9.7288950e-01
   9.2000000e+00   1.0116727e+00
   9.3000000e+00   9.5689223e-01
   9.4000000e+00   9.9296116e-01
   9.5000000e+00   1.0442654e+00
   9.6000000e+00   1.0372179e+00
   9.7000000e+00   1.2253362e+00
   9.8000000e+00   1.0722262e+00
   9.9000000e+00   1.0241442e+00
   1.0000000e+01   1.0317886e+00
   1.0100000e+01   1.1858957e+00
   1.0200000e+01   1.0178534e+00
   1.0300000e+01   9.3434435e-01
   1.0400000e+01   1.0566861e+00
   1.0500000e+01   9.5093016e-01
   1.0600000e+01   9.8391287e-01
   1.0700000e+01   1.0291270e+00
   1.0800000e+01   1.0350031e+00
   1.0900000e+01   9.0412949e-01
   1.1000000e+01   1.1476868e+00
   1.1100000e+01   1.1045498e+00
   1.1200000e+01   1.0918856e+00
   1.1300000e+01   1.0575881e+00
   1.1400000e+01   9.8897860e-01
   1.1500000e+01   1.1766654e+00
   1.1600000e+01   1.0053505e+00
   1.1700000e+01   1.2885920e+00
   1.1800000e+01   9.8394928e-01
   1.1900000e+01   9.4904126e-01
   1.2000000e+01   1.0135545e+00
   1.2100000e+01   1.0766510e+00
   1.2200000e+01   9.8471911e-01
   1.2300000e+01   9.2815487e-01
   1.2400000e+01   1.0209127e+00
   1.2500000e+01   1.0583644e+00
   1.2600000e+01   8.8752180e-01
   1.2700000e+01   1.1917296e+00
   1.2800000e+01   9.3162541e-01
   1.2900000e+01   9.6501510e-01
   1.3000000e+01   8.7712355e-01
   1.3100000e+01   9.9061167e-01
   1.3200000e+01   1.0242660e+00
   1.3300000e+01   1.1721421e+00
   1.3400000e+01   9.5655172e-01
   1.3500000e+01   1.0772760e+00
   1.3600000e+01   9.3932567e-01
   1.3700000e+01   8.8414536e-01
   1.3800000e+01   1.1029632e+00
   1.3900000e+01   1.0399916e+00
   1.4000000e+01   8.2208907e-01
   1.4100000e+01   1.1153262e+00
   1.4200000e+01   8.6856853e-01
   1.4300000e+01   1.0454134e+00
   1.4400000e+01   8.4825294e-01
   1.4500000e+01   1.1370002e+00
   1.4600000e+01   8.3720108e-01
   1.4700000e+01   1.0083612e+00
   1.4800000e+01   9.3032397e-01
   1.4900000e+01   1.0966529e+00
   1.5000000e+01   9.4362522e-01
   1.5100000e+01   9.8130157e-01
   1.5200000e+01   1.2138159e+00
   1.5300000e+01   8.3889006e-01
   1.5400000e+01   9.7567689e-01
   1.5500000e+01   9.6729825e-01
   1.5600000e+01   1.1130948e+00
   1.5700000e+01   1.0156025e+00
   1.5800000e+01   1.0030188e+00
   1.5900000e+01   9.6743723e-01
   1.6000000e+01   9.0420910e-01
   1.6100000e+01   9.6549777e-01
   1.6200000e+01   1.0618122e+00
   1.6300000e+01   1.0384221e+00
   1.6400000e+01   9.5537283e-01
   1.6500000e+01   1.0345031e+00
   1.6600000e+01   9.8711504e-01
   1.6700000e+01   1.1193760e+00
   1.6800000e+01   1.0643681e+00
   1.6900000e+01   9.9403114e-01
   1.7000000e+01   1.0427052e+00
   1.7100000e+01   8.6030383e-01
   1.7200000e+01   9.0934878e-01
   1.7300000e+01   9.9902697e-01
   1.7400000e+01   1.1208326e+00
   1.7500000e+01   9.7412861e-01
   1.7600000e+01   9.6985633e-01
   1.7700000e+01   1.0789405e+00
   1.7800000e+01   1.0349532e+00
   1.7900000e+01   1.0274260e+00
   1.8000000e+01   1.0002879e+00
   1.8100000e+01   9.2167093e-01
   1.8200000e+01   9.4815880e-01
   1.8300000e+01   8.7781504e-01
   1.8400000e+01   1.0577123e+00
   1.8500000e+01   1.0496071e+00
   1.8600000e+01   8.3216261e-01
   1.8700000e+01   1.0539264e+00
   1.8800000e+01   1.0798494e+00
   1.8900000e+01   8.3696514e-01
   1.9000000e+01   9.4791858e-01
   1.9100000e+01   9.3534556e-01
   1.9200000e+01   9.9982885e-01
   1.9300000e+01   9.8084920e-01
   1.9400000e+01   1.0281314e+00
   1.9500000e+01   1.0799002e+00
   1.9600000e+01   1.0554547e+00
   1.9700000e+01   1.0060962e+00
   1.9800000e+01   9.2656919e-01
   1.9900000e+01   9.3881442e-01
   2.0000000e+01   1.2220743e+00
   2.0100000e+01   9.4409666e-01
   2.0200000e+01   8.6082171e-01
   2.0300000e+01   7.2038059e-01
   2.0400000e+01   9.6732935e-01
   2.0500000e+01   1.1906484e+00
   2.0600000e+01   8.7054860e-01
   2.0700000e+01   9.1888052e-01
   2.0800000e+01   1.0090365e+00
   2.0900000e+01   1.0683016e+00
   2.1000000e+01   9.0176215e-01
   2.1100000e+01   9.5186375e-01
   2.1200000e+01   1.1079445e+00
   2.1300000e+01   9.2390825e-01
   2.1400000e+01   1.1155239e+00
   2.1500000e+01   1.1301704e+00
   2.1600000e+01   9.9751805e-01
   2.1700000e+01   8.9556092e-01
   2.1800000e+01   8.9748023e-01
   2.1900000e+01   9.9432709e-01
   2.2000000e+01   1.0785099e+00
   2.2100000e+01   9.2580854e-01
   2.2200000e+01   1.1304427e+00
   2.2300000e+01   9.3529931e-01
   2.2400000e+01   1.0402226e+00
   2.2500000e+01   1.0729745e+00
   2.2600000e+01   8.3171454e-01
   2.2700000e+01   1.1904341e+00
   2.2800000e+01   9.2336618e-01
   2.2900000e+01   9.1678868e-01
   2.3000000e+01   1.0391820e+00
   2.3100000e+01   1.0032683e+00
   2.3200000e+01   9.9676781e-01
   2.3300000e+01   1.1398998e+00
   2.3400000e+01   1.0401912e+00
   2.3500000e+01   9.9008362e-01
   2.3600000e+01   1.0013941e+00
   2.3700000e+01   9.7908974e-01
   2.3800000e+01   9.0234573e-01
   2.3900000e+01   1.0115947e+00
   2.4000000e+01   9.0722806e-01
   2.4100000e+01   1.0123141e+00
   2.4200000e+01   9.9853639e-01
   2.4300000e+01   9.5832142e-01
   2.4400000e+01   1.1484196e+00
   2.4500000e+01   1.0294662e+00
   2.4600000e+01   9.4380488e-01
   2.4700000e+01   1.0544647e+00
   2.4800000e+01   9.7566447e-01
   2.4900000e+01   1.1294614e+00
   2.5000000e+01   1.0548225e+00
   2.5100000e+01   1.0806197e+00
   2.5200000e+01   9.5662461e-01
   2.5300000e+01   1.1335941e+00
   2.5400000e+01   1.0449133e+00
   2.5500000e+01   1.0097335e+00
   2.5600000e+01   1.0245906e+00
   2.5700000e+01   8.6882173e-01
   2.5800000e+01   1.0001553e+00
   2.5900000e+01   1.1220601e+00
   2.6000000e+01   1.1532824e+00
   2.6100000e+01   1.1017591e+00
   2.6200000e+01   8.4349463e-01
   2.6300000e+01   1.0579261e+00
   2.6400000e+01   9.5796751e-01
   2.6500000e+01   8.3521114e-01
   2.6600000e+01   9.9180779e-01
   2.6700000e+01   1.0438611e+00
   2.6800000e+01   1.0694984e+00
   2.6900000e+01   1.0098752e+00
   2.7000000e+01   1.0322182e+00
   2.7100000e+01   1.1312620e+00
   2.7200000e+01   1.0271396e+00
   2.7300000e+01   9.0766727e-01
   2.7400000e+01   1.1773835e+00
   2.7500000e+01   1.0483744e+00
   2.7600000e+01   1.1455143e+00
   2.7700000e+01   9.7001284e-01
   2.7800000e+01   1.0174498e+00
   2.7900000e+01   1.1305284e+00
   2.8000000e+01   1.1080893e+00
   2.8100000e+01   1.1172557e+00
   2.8200000e+01   9.6471161e-01
   2.8300000e+01   9.3537050e-01
   2.8400000e+01   8.0934903e-01
   2.8500000e+01   1.0150093e+00
   2.8600000e+01   8.8907110e-01
   2.8700000e+01   8.7170332e-01
   2.8800000e+01   1.0173367e+00
   2.8900000e+01   9.1194716e-01
   2.9000000e+01   9.4936151e-01
   2.9100000e+01   1.0768155e+00
   2.9200000e+01   1.0942891e+00
   2.9300000e+01   9.1067795e-01
   2.9400000e+01   1.1690195e+00
   2.9500000e+01   1.0937968e+00
   2.9600000e+01   1.1707960e+00
   2.9700000e+01   1.0179212e+00
   2.9800000e+01   1.0818804e+00
   2.9900000e+01   9.5350309e-01
   3.0000000e+01   9.8203834e-01
   3.0100000e+01   9.6200696e-01
   3.0200000e+01   9.8479917e-01
   3.0300000e+01   1.1001696e+00
   3.0400000e+01   1.0485923e+00
   3.0500000e+01   1.2123779e+00
   3.0600000e+01   9.7004974e-01
   3.0700000e+01   9.3247868e-01
   3.0800000e+01   1.0037307e+00
   3.0900000e+01   9.7016943e-01
   3.1000000e+01   1.0295851e+00
   3.1100000e+01   8.7326620e-01
   3.1200000e+01   9.9169443e-01
   3.1300000e+01   8.5056480e-01
   3.1400000e+01   9.6048787e-01
   3.1500000e+01   1.0124421e+00
   3.1600000e+01   9.0116438e-01
   3.1700000e+01   9.9782172e-01
   3.1800000e+01   1.0128366e+00
   3.1900000e+01   1.1680264e+00
   3.2000000e+01   9.7625349e-01
   3.2100000e+01   1.0881681e+00
   3.2200000e+01   1.0712226e+00
   3.2300000e+01   9.0273558e-01
   3.2400000e+01   1.0337258e+00
   3.2500000e+01   9.6918468e-01
   3.2600000e+01   1.0450946e+00
   3.2700000e+01   8.6853472e-01
   3.2800000e+01   1.1397279e+00
   3.2900000e+01   9.0357284e-01
   3.3000000e+01   1.0439219e+00
   3.3100000e+01   9.2694603e-01
   3.3200000e+01   1.0296913e+00
   3.3300000e+01   1.0396844e+00
   3.3400000e+01   8.8142236e-01
   3.3500000e+01   9.7127289e-01
   3.3600000e+01   1.2257930e+00
   3.3700000e+01   9.1589780e-01
   3.3800000e+01   9.4469985e-01
   3.3900000e+01   9.5055398e-01
   3.4000000e+01   8.9245484e-01
   3.4100000e+01   1.0424838e+00
   3.4200000e+01   9.5933666e-01
   3.4300000e+01   1.1119087e+00
   3.4400000e+01   8.1198845e-01
   3.4500000e+01   1.1280093e+00
   3.4600000e+01   1.1283262e+00
   3.4700000e+01   9.4180978e-01
   3.4800000e+01   1.1100828e+00
   3.4900000e+01   1.0647738e+00
   3.5000000e+01   1.0327400e+00
   3.5100000e+01   9.7773290e-01
   3.5200000e+01   7.4324366e-01
   3.5300000e+01   8.6353897e-01
   3.5400000e+01   1.0655057e+00
   3.5500000e+01   9.8597914e-01
   3.5600000e+01   7.9130206e-01
   3.5700000e+01   9.1360395e-01
   3.5800000e+01   9.0565884e-01
   3.5900000e+01   8.8539872e-01
   3.6000000e+01   9.9201518e-01
   3.6100000e+01   1.0947945e+00
   3.6200000e+01   1.1288945e+00
   3.6300000e+01   1.0792964e+00
   3.6400000e+01   1.0411661e+00
   3.6500000e+01   9.8643770e-01
   3.6600000e+01   8.1823114e-01
   3.6700000e+01   9.5313402e-01
   3.6800000e+01   1.1145666e+00
   3.6900000e+01   1.0017762e+00
   3.7000000e+01   1.1057040e+00
   3.7100000e+01   7.9874146e-01
   3.7200000e+01   9.6982399e-01
   3.7300000e+01   8.4623285e-01
   3.7400000e+01   1.1472048e+00
   3.7500000e+01   1.0018312e+00
   3.7600000e+01   1.0160145e+00
   3.7700000e+01   1.1023031e+00
   3.7800000e+01   1.1656808e+00
   3.7900000e+01   9.6220803e-01
   3.8000000e+01   8.5929801e-01
   3.8100000e+01   1.0788573e+00
   3.8200000e+01   8.9049496e-01
   3.8300000e+01   9.7131539e-01
   3.8400000e+01   8.6913811e-01
   3.8500000e+01   9.4806097e-01
   3.8600000e+01   8.7488010e-01
   3.8700000e+01   8.2164039e-01
   3.8800000e+01   1.0828042e+00
   3.8900000e+01   1.0583157e+00
   3.9000000e+01   9.1220896e-01
   3.9100000e+01   1.1549815e+00
   3.9200000e+01   9.2562565e-01
   3.9300000e+01   9.5931444e-01
   3.9400000e+01   9.0041461e-01
   3.9500000e+01   9.6541459e-01
   3.9600000e+01   1.0500724e+00
   3.9700000e+01   8.6698201e-01
   3.9800000e+01   1.1538845e+00
   3.9900000e+01   1.0469629e+00
   4.0000000e+01   8.2346602e-01
   4.0100000e+01   9.5804419e-01
   4.0200000e+01   9.7197632e-01
   4.0300000e+01   9.3025494e-01
   4.0400000e+01   8.6158928e-01
   4.0500000e+01   1.0153681e+00
   4.0600000e+01   9.9488554e-01
   4.0700000e+01   1.0598239e+00
   4.0800000e+01   9.8340567e-01
   4.0900000e+01   1.0663870e+00
   4.1000000e+01   9.4554631e-01
   4.1100000e+01   9.6224444e-01
   4.1200000e+01   9.1031276e-01
   4.1300000e+01   9.8587724e-01
   4.1400000e+01   1.0758635e+00
   4.1500000e+01   9.8347754e-01
   4.1600000e+01   9.8949032e-01
   4.1700000e+01   1.1556275e+00
   4.1800000e+01   1.1548226e+00
   4.1900000e+01   1.0489084e+00
   4.2000000e+01   1.0623647e+00
   4.2100000e+01   1.1010245e+00
   4.2200000e+01   9.4972326e-01
   4.2300000e+01   1.0820354e+00
   4.2400000e+01   1.0272692e+00
   4.2500000e+01   1.2211548e+00
   4.2600000e+01   1.0050964e+00
   4.2700000e+01   1.0386412e+00
   4.2800000e+01   8.5875532e-01
   4.2900000e+01   8.0722083e-01
   4.3000000e+01   9.1196874e-01
   4.3100000e+01   9.9943988e-01
   4.3200000e+01   9.3892011e-01
   4.3300000e+01   1.0554197e+00
   4.3400000e+01   1.0914399e+00
   4.3500000e+01   1.0833056e+00
   4.3600000e+01   7.7805343e-01
   4.3700000e+01   1.1337899e+00
   4.3800000e+01   1.0219396e+00
   4.3900000e+01   9.7610058e-01
   4.4000000e+01   1.0000299e+00
   4.4100000e+01   1.1848215e+00
   4.4200000e+01   6.8069768e-01
   4.4300000e+01   8.8727847e-01
   4.4400000e+01   9.7236247e-01
   4.4500000e+01   8.6729478e-01
   4.4600000e+01   9.0851624e-01
   4.4700000e+01   1.0869718e+00
   4.4800000e+01   1.0133732e+00
   4.4900000e+01   1.1784597e+00
   4.5000000e+01   1.0804667e+00
   4.5100000e+01   9.4404446e-01
   4.5200000e+01   1.0169604e+00
   4.5300000e+01   1.0990655e+00
   4.5400000e+01   1.0252550e+00
   4.5500000e+01   8.7125742e-01
   4.5600000e+01   1.2218329e+00
   4.5700000e+01   1.2239838e+00
   4.5800000e+01   9.4551947e-01
   4.5900000e+01   1.0702026e+00
   4.6000000e+01   8.3426663e-01
   4.6100000e+01   8.9727607e-01
   4.6200000e+01   1.0191711e+00
   4.6300000e+01   1.0784578e+00
   4.6400000e+01   9.2809930e-01
   4.6500000e+01   9.3835121e-01
   4.6600000e+01   9.5532685e-01
   4.6700000e+01   1.1166646e+00
   4.6800000e+01   8.2742744e-01
   4.6900000e+01   1.1665352e+00
   4.7000000e+01   1.1095898e+00
   4.7100000e+01   1.0480607e+00
   4.7200000e+01   8.2362912e-01
   4.7300000e+01   8.8895910e-01
   4.7400000e+01   9.9799574e-01
   4.7500000e+01   1.0502753e+00
   4.7600000e+01   1.1973607e+00
   4.7700000e+01   1.0199846e+00
   4.7800000e+01   8.7002507e-01
   4.7900000e+01   8.5956928e-01
   4.8000000e+01   8.6497888e-01
   4.8100000e+01   1.0665841e+00
   4.8200000e+01   9.5435146e-01
   4.8300000e+01   1.0216550e+00
   4.8400000e+01   1.0458821e+00
   4.8500000e+01   9.2638824e-01
   4.8600000e+01   1.2131833e+00
   4.8700000e+01   9.0574346e-01
   4.8800000e+01   1.1606912e+00
   4.8900000e+01   1.1132673e+00
   4.9000000e+01   1.0856846e+00
   4.9100000e+01   1.1834579e+00
   4.9200000e+01   9.6146296e-01
   4.9300000e+01   1.2499889e+00
   4.9400000e+01   1.2171463e+00
   4.9500000e+01   1.0181045e+00
   4.9600000e+01   8.4725480e-01
   4.9700000e+01   9.2849232e-01
   4.9800000e+01   1.1671806e+00
   4.9900000e+01   7.1505441e-01
   5.0000000e+01   9.9466697e-01
   5.0100000e+01   9.0217864e-01
   5.0200000e+01   9.9461803e-01
   5.0300000e+01   1.2452410e+00
   5.0400000e+01   9.8621033e-01
   5.0500000e+01   7.8671236e-01
   5.0600000e+01   1.0358057e+00
   5.0700000e+01   1.0645328e+00
   5.0800000e+01   9.0101122e-01
   5.0900000e+01   8.9062634e-01
   5.1000000e+01   1.0597088e+00
   5.1100000e+01   1.0570271e+00
   5.1200000e+01   1.0000402e+00
   5.1300000e+01   9.2248351e-01
   5.1400000e+01   1.2698474e+00
   5.1500000e+01   9.3082077e-01
   5.1600000e+01   9.5367929e-01
   5.1700000e+01   1.0538325e+00
   5.1800000e+01   9.3008448e-01
   5.1900000e+01   6.4468308e-01
   5.2000000e+01   1.1782807e+00
   5.2100000e+01   8.2611792e-01
   5.2200000e+01   9.9242172e-01
   5.2300000e+01   1.0936058e+00
   5.2400000e+01   1.0374119e+00
   5.2500000e+01   1.0584168e+00
   5.2600000e+01   1.1560814e+00
   5.2700000e+01   8.7204104e-01
   5.2800000e+01   1.0771422e+00
   5.2900000e+01   1.0056473e+00
   5.3000000e+01   8.6692313e-01
   5.3100000e+01   9.4597274e-01
   5.3200000e+01   9.6790886e-01
   5.3300000e+01   1.1243047e+00
   5.3400000e+01   8.7131186e-01
   5.3500000e+01   1.0080850e+00
   5.3600000e+01   1.0579488e+00
   5.3700000e+01   9.8454221e-01
   5.3800000e+01   1.0919637e+00
   5.3900000e+01   9.3180754e-01
   5.4000000e+01   1.1875695e+00
   5.4100000e+01   1.0127790e+00
   5.4200000e+01   9.1763097e-01
   5.4300000e+01   9.0288790e-01
   5.4400000e+01   9.8971885e-01
   5.4500000e+01   9.6344792e-01
   5.4600000e+01   9.8266220e-01
   5.4700000e+01   1.1803567e+00
   5.4800000e+01   9.2712662e-01
   5.4900000e+01   1.3400531e+00
   5.5000000e+01   1.0996344e+00
   5.5100000e+01   8.3676393e-01
   5.5200000e+01   9.0272189e-01
   5.5300000e+01   8.6744775e-01
   5.5400000e+01   9.4797304e-01
   5.5500000e+01   9.1541401e-01
   5.5600000e+01   9.7431786e-01
   5.5700000e+01   1.1494939e+00
   5.5800000e+01   1.0114946e+00
   5.5900000e+01   9.3278956e-01
   5.6000000e+01   9.4616098e-01
   5.6100000e+01   1.0142849e+00
   5.6200000e+01   1.0032647e+00
   5.6300000e+01   9.5859537e-01
   5.6400000e+01   9.1148108e-01
   5.6500000e+01   9.5756124e-01
   5.6600000e+01   1.0966453e+00
   5.6700000e+01   1.2460239e+00
   5.6800000e+01   8.5782209e-01
   5.6900000e+01   1.0274285e+00
   5.7000000e+01   1.0005618e+00
   5.7100000e+01   1.0541607e+00
   5.7200000e+01   9.7857159e-01
   5.7300000e+01   1.1827867e+00
   5.7400000e+01   9.4326622e-01
   5.7500000e+01   1.1587625e+00
   5.7600000e+01   1.0825685e+00
   5.7700000e+01   1.2095306e+00
   5.7800000e+01   9.9211585e-01
   5.7900000e+01   1.0547269e+00
   5.8000000e+01   1.1366480e+00
   5.8100000e+01   1.1215947e+00
   5.8200000e+01   9.6601796e-01
   5.8300000e+01   1.0601394e+00
   5.8400000e+01   9.6477280e-01
   5.8500000e+01   8.1908353e-01
   5.8600000e+01   8.8229269e-01
   5.8700000e+01   8.3740989e-01
   5.8800000e+01   1.1449679e+00
   5.8900000e+01   8.9000168e-01
   5.9000000e+01   1.1113693e+00
   5.9100000e+01   1.1664306e+00
   5.9200000e+01   1.0415062e+00
   5.9300000e+01   1.1429444e+00
   5.9400000e+01   1.0457281e+00
   5.9500000e+01   9.2709197e-01
   5.9600000e+01   9.5612033e-01
   5.9700000e+01   8.4263481e-01
   5.9800000e+01   7.7625027e-01
   5.9900000e+01   1.1544486e+00
   6.0000000e+01   9.7909967e-01
   6.0100000e+01   1.0345469e+00
   6.0200000e+01   8.7260438e-01
   6.0300000e+01   8.0465757e-01
   6.0400000e+01   1.0304996e+00
   6.0500000e+01   1.0246311e+00
   6.0600000e+01   9.0576228e-01
   6.0700000e+01   8.9285561e-01
   6.0800000e+01   8.6785131e-01
   6.0900000e+01   9.3091207e-01
   6.1000000e+01   9.7436902e-01
   6.1100000e+01   8.6313920e-01
   6.1200000e+01   8.5984761e-01
   6.1300000e+01   8.4508102e-01
   6.1400000e+01   9.3551031e-01
   6.1500000e+01   9.9180503e-01
   6.1600000e+01   9.6971562e-01
   6.1700000e+01   1.0182718e+00
   6.1800000e+01   8.8244804e-01
   6.1900000e+01   9.1665399e-01
   6.2000000e+01   9.9383498e-01
   6.2100000e+01   9.8103114e-01
   6.2200000e+01   1.2154532e+00
   6.2300000e+01   9.2461745e-01
   6.2400000e+01   1.0714955e+00
   6.2500000e+01   9.6159378e-01
   6.2600000e+01   1.3349372e+00
   6.2700000e+01   1.0634374e+00
   6.2800000e+01   9.6553101e-01
   6.2900000e+01   9.7839889e-01
   6.3000000e+01   9.8105677e-01
   6.3100000e+01   1.0045217e+00
   6.3200000e+01   1.0483407e+00
   6.3300000e+01   1.1983086e+00
   6.3400000e+01   1.1080751e+00
   6.3500000e+01   9.7019652e-01
   6.3600000e+01   8.8722103e-01
   6.3700000e+01   1.0623098e+00
   6.3800000e+01   1.0958183e+00
   6.3900000e+01   9.8497973e-01
   6.4000000e+01   1.0438048e+00
   6.4100000e+01   1.0539666e+00
   6.4200000e+01   9.1236730e-01
   6.4300000e+01   1.0303144e+00
   6.4400000e+01   1.1308833e+00
   6.4500000e+01   1.0223701e+00
   6.4600000e+01   1.0536423e+00
   6.4700000e+01   9.6478071e-01
   6.4800000e+01   9.3973307e-01
   6.4900000e+01   9.0081832e-01
   6.5000000e+01   8.7145345e-01
   6.5100000e+01   1.1494607e+00
   6.5200000e+01   8.8620688e-01
   6.5300000e+01   7.4823250e-01
   6.5400000e+01   9.6991481e-01
   6.5500000e+01   1.1450561e+00
   6.5600000e+01   1.1378581e+00
   6.5700000e+01   1.1963704e+00
   6.5800000e+01   7.7423132e-01
   6.5900000e+01   8.5233788e-01
   6.6000000e+01   1.0721922e+00
   6.6100000e+01   1.1626315e+00
   6.6200000e+01   1.0694729e+00
   6.6300000e+01   1.0659875e+00
   6.6400000e+01   8.8077537e-01
   6.6500000e+01   7.9311451e-01
   6.6600000e+01   9.4617336e-01
   6.6700000e+01   7.5486799e-01
   6.6800000e+01   1.0206408e+00
   6.6900000e+01   1.0102608e+00
   6.7000000e+01   1.1985660e+00
   6.7100000e+01   1.0314884e+00
   6.7200000e+01   9.9021298e-01
   6.7300000e+01   1.0656303e+00
   6.7400000e+01   1.0056345e+00
   6.7500000e+01   8.2705263e-01
   6.7600000e+01   7.6039762e-01
   6.7700000e+01   1.0436399e+00
   6.7800000e+01   1.0636877e+00
   6.7900000e+01   1.0179065e+00
   6.8000000e+01   9.1720704e-01
   6.8100000e+01   1.0576887e+00
   6.8200000e+01   1.0766358e+00
   6.8300000e+01   9.4703970e-01
   6.8400000e+01   1.0360109e+00
   6.8500000e+01   9.5795552e-01
   6.8600000e+01   1.0812551e+00
   6.8700000e+01   1.0035275e+00
   6.8800000e+01   1.0155685e+00
   6.8900000e+01   1.0482721e+00
   6.9000000e+01   1.0350173e+00
   6.9100000e+01   9.5184053e-01
   6.9200000e+01   1.1579640e+00
   6.9300000e+01   1.0650245e+00
   6.9400000e+01   1.0130726e+00
   6.9500000e+01   1.0504139e+00
   6.9600000e+01   1.0428608e+00
   6.9700000e+01   9.3189661e-01
   6.9800000e+01   9.5945244e-01
   6.9900000e+01   8.9651597e-01
   7.0000000e+01   1.0976491e+00
   7.0100000e+01   8.1361000e-01
   7.0200000e+01   9.9125998e-01
   7.0300000e+01   7.6847132e-01
   7.0400000e+01   7.8444095e-01
   7.0500000e+01   1.0227350e+00
   7.0600000e+01   9.2986075e-01
   7.0700000e+01   9.6252325e-01
   7.0800000e+01   1.0330828e+00
   7.0900000e+01   1.0633171e+00
   7.1000000e+01   1.0997551e+00
   7.1100000e+01   1.0362493e+00
   7.1200000e+01   9.5360726e-01
   7.1300000e+01   1.0964353e+00
   7.1400000e+01   1.1129398e+00
   7.1500000e+01   8.5314865e-01
   7.1600000e+01   9.3888208e-01
   7.1700000e+01   1.0195317e+00
   7.1800000e+01   9.6498366e-01
   7.1900000e+01   1.0379373e+00
   7.2000000e+01   1.0659106e+00
   7.2100000e+01   9.9504776e-01
   7.2200000e+01   1.0018419e+00
   7.2300000e+01   1.0893285e+00
   7.2400000e+01   8.3660228e-01
   7.2500000e+01   9.4326189e-01
   7.2600000e+01   1.1423258e+00
   7.2700000e+01   1.0498908e+00
   7.2800000e+01   1.0904134e+00
   7.2900000e+01   1.1119634e+00
   7.3000000e+01   1.0985993e+00
   7.3100000e+01   9.7352094e-01
   7.3200000e+01   8.5700656e-01
   7.3300000e+01   1.2605403e+00
   7.3400000e+01   9.8305593e-01
   7.3500000e+01   1.0305398e+00
   7.3600000e+01   7.5498892e-01
   7.3700000e+01   9.3579508e-01
   7.3800000e+01   1.0625404e+00
   7.3900000e+01   1.2149010e+00
   7.4000000e+01   9.9031515e-01
   7.4100000e+01   9.0320163e-01
   7.4200000e+01   9.8778665e-01
   7.4300000e+01   1.0487514e+00
   7.4400000e+01   8.3647678e-01
   7.4500000e+01   1.1994700e+00
   7.4600000e+01   1.0433520e+00
   7.4700000e+01   9.3485944e-01
   7.4800000e+01   8.9263076e-01
   7.4900000e+01   1.0444416e+00
   7.5000000e+01   1.0100728e+00
   7.5100000e+01   1.0733676e+00
   7.5200000e+01   9.4970544e-01
   7.5300000e+01   1.1391204e+00
   7.5400000e+01   9.9930504e-01
   7.5500000e+01   1.1752281e+00
   7.5600000e+01   1.2742265e+00
   7.5700000e+01   1.0826774e+00
   7.5800000e+01   8.0932277e-01
   7.5900000e+01   1.0272281e+00
   7.6000000e+01   1.0544308e+00
   7.6100000e+01   1.0770080e+00
   7.6200000e+01   1.0167600e+00
   7.6300000e+01   9.6209463e-01
   7.6400000e+01   7.9520035e-01
   7.6500000e+01   9.7264107e-01
   7.6600000e+01   9.1609422e-01
   7.6700000e+01   9.9195216e-01
   7.6800000e+01   8.6382117e-01
   7.6900000e+01   1.0053726e+00
   7.7000000e+01   1.0362412e+00
   7.7100000e+01   8.9821013e-01
   7.7200000e+01   9.5794488e-01
   7.7300000e+01   9.4920090e-01
   7.7400000e+01   9.6069772e-01
   7.7500000e+01   1.0028872e+00
   7.7600000e+01   8.4215892e-01
   7.7700000e+01   1.1518887e+00
   7.7800000e+01   8.1091683e-01
   7.7900000e+01   1.0468676e+00
   7.8000000e+01   1.0593609e+00
   7.8100000e+01   1.0674218e+00
   7.8200000e+01   1.1381563e+00
   7.8300000e+01   9.6014838e-01
   7.8400000e+01   9.1787515e-01
   7.8500000e+01   9.4748101e-01
   7.8600000e+01   1.0899341e+00
   7.8700000e+01   9.8694048e-01
   7.8800000e+01   1.2738930e+00
   7.8900000e+01   1.0216318e+00
   7.9000000e+01   1.0697717e+00
   7.9100000e+01   8.8766951e-01
   7.9200000e+01   1.1259018e+00
   7.9300000e+01   9.7750128e-01
   7.9400000e+01   1.1388013e+00
   7.9500000e+01   7.2316541e-01
   7.9600000e+01   9.8782780e-01
   7.9700000e+01   8.9495759e-01
   7.9800000e+01   8.0178407e-01
   7.9900000e+01   8.4698003e-01
   8.0000000e+01   1.0911840e+00
   8.0100000e+01   1.0736035e+00
   8.0200000e+01   9.6692453e-01
   8.0300000e+01   9.2141565e-01
   8.0400000e+01   1.0344977e+00
   8.0500000e+01   9.7010886e-01
   8.0600000e+01   1.1496886e+00
   8.0700000e+01   9.2713022e-01
   8.0800000e+01   1.1448222e+00
   8.0900000e+01   1.0280760e+00
   8.1000000e+01   1.0033274e+00
   8.1100000e+01   1.0228896e+00
   8.1200000e+01   9.6876573e-01
   8.1300000e+01   9.8479084e-01
   8.1400000e+01   9.5821230e-01
   8.1500000e+01   8.3830639e-01
   8.1600000e+01   1.0941499e+00
   8.1700000e+01   9.8657081e-01
   8.1800000e+01   1.0979062e+00
   8.1900000e+01   1.0132787e+00
   8.2000000e+01   1.0292364e+00
   8.2100000e+01   1.0771531e+00
   8.2200000e+01   1.0057427e+00
   8.2300000e+01   1.0042317e+00
   8.2400000e+01   9.0283007e-01
   8.2500000e+01   1.0194001e+00
   8.2600000e+01   1.0459754e+00
   8.2700000e+01   9.4076928e-01
   8.2800000e+01   9.7796218e-01
   8.2900000e+01   1.1365511e+00
   8.3000000e+01   9.4431805e-01
   8.3100000e+01   9.4328383e-01
   8.3200000e+01   1.0135456e+00
   8.3300000e+01   9.6286699e-01
   8.3400000e+01   8.6154662e-01
   8.3500000e+01   1.0380505e+00
   8.3600000e+01   9.6093469e-01
   8.3700000e+01   1.0319059e+00
   8.3800000e+01   9.2276047e-01
   8.3900000e+01   1.1778111e+00
   8.4000000e+01   8.7408415e-01
   8.4100000e+01   1.0410310e+00
   8.4200000e+01   1.0513298e+00
   8.4300000e+01   8.7123369e-01
   8.4400000e+01   9.2193738e-01
   8.4500000e+01   1.0941203e+00
   8.4600000e+01   9.5085733e-01
   8.4700000e+01   9.6921729e-01
   8.4800000e+01   1.0450266e+00
   8.4900000e+01   9.9356032e-01
   8.5000000e+01   9.5019183e-01
   8.5100000e+01   9.2040940e-01
   8.5200000e+01   1.1871311e+00
   8.5300000e+01   1.0050147e+00
   8.5400000e+01   1.0884950e+00
   8.5500000e+01   8.7735219e-01
   8.5600000e+01   7.5930358e-01
   8.5700000e+01   8.1456572e-01
   8.5800000e+01   1.1950001e+00
   8.5900000e+01   9.6262429e-01
   8.6000000e+01   1.0109049e+00
   8.6100000e+01   8.1384659e-01
   8.6200000e+01   8.5861743e-01
   8.6300000e+01   1.1337352e+00
   8.6400000e+01   1.0116300e+00
   8.6500000e+01   9.6853306e-01
   8.6600000e+01   1.0073155e+00
   8.6700000e+01   1.0521678e+00
   8.6800000e+01   9.3108925e-01
   8.6900000e+01   8.1671707e-01
   8.7000000e+01   9.7865412e-01
   8.7100000e+01   9.2573420e-01
   8.7200000e+01   1.0278353e+00
   8.7300000e+01   8.9648485e-01
   8.7400000e+01   9.9281826e-01
   8.7500000e+01   1.0832263e+00
   8.7600000e+01   1.0384209e+00
   8.7700000e+01   8.5073858e-01
   8.7800000e+01   9.9125988e-01
   8.7900000e+01   8.9944164e-01
   8.8000000e+01   9.6070212e-01
   8.8100000e+01   9.0632076e-01
   8.8200000e+01   8.4549831e-01
   8.8300000e+01   1.0281578e+00
   8.8400000e+01   1.1059294e+00
   8.8500000e+01   1.2028224e+00
   8.8600000e+01   1.1063615e+00
   8.8700000e+01   9.4059707e-01
   8.8800000e+01   1.0834779e+00
   8.8900000e+01   1.0231556e+00
   8.9000000e+01   8.8890061e-01
   8.9100000e+01   1.0031788e+00
   8.9200000e+01   7.2352950e-01
   8.9300000e+01   1.0280205e+00
   8.9400000e+01   1.0103067e+00
   8.9500000e+01   1.1304270e+00
   8.9600000e+01   9.9275834e-01
   8.9700000e+01   1.1082101e+00
   8.9800000e+01   1.1244578e+00
   8.9900000e+01   1.0120723e+00
   9.0000000e+01   9.6031570e-01
   9.0100000e+01   1.0177887e+00
   9.0200000e+01   8.7753457e-01
   9.0300000e+01   9.5618069e-01
   9.0400000e+01   1.0216536e+00
   9.0500000e+01   1.0621255e+00
   9.0600000e+01   1.1165353e+00
   9.0700000e+01   7.2626161e-01
   9.0800000e+01   1.1411591e+00
   9.0900000e+01   9.5371196e-01
   9.1000000e+01   9.8203680e-01
   9.1100000e+01   1.1638729e+00
   9.1200000e+01   1.0624046e+00
   9.1300000e+01   1.1316717e+00
   9.1400000e+01   1.0324362e+00
   9.1500000e+01   1.1064590e+00
   9.1600000e+01   1.0848536e+00
   9.1700000e+01   9.7524797e-01
   9.1800000e+01   9.4174582e-01
   9.1900000e+01   1.0914314e+00
   9.2000000e+01   1.1184986e+00
   9.2100000e+01   1.0733718e+00
   9.2200000e+01   9.8032419e-01
   9.2300000e+01   1.1962222e+00
   9.2400000e+01   9.8453384e-01
   9.2500000e+01   1.0322052e+00
   9.2600000e+01   9.3027760e-01
   9.2700000e+01   9.3667229e-01
   9.2800000e+01   1.0121340e+00
   9.2900000e+01   9.5162112e-01
   9.3000000e+01   1.0243979e+00
   9.3100000e+01   1.0465205e+00
   9.3200000e+01   1.1471202e+00
   9.3300000e+01   1.1846799e+00
   9.3400000e+01   1.1032633e+00
   9.3500000e+01   1.1608209e+00
   9.3600000e+01   9.1229773e-01
   9.3700000e+01   9.7798929e-01
   9.3800000e+01   9.8945961e-01
   9.3900000e+01   9.9677136e-01
   9.4000000e+01   1.1071133e+00
   9.4100000e+01   1.0169416e+00
   9.4200000e+01   9.4964317e-01
   9.4300000e+01   7.8198609e-01
   9.4400000e+01   9.6457210e-01
   9.4500000e+01   1.1147885e+00
   9.4600000e+01   1.0014427e+00
   9.4700000e+01   1.0642785e+00
   9.4800000e+01   9.7370415e-01
   9.4900000e+01   8.3229175e-01
   9.5000000e+01   8.0762685e-01
   9.5100000e+01   1.1370128e+00
   9.5200000e+01   9.0250219e-01
   9.5300000e+01   9.4736966e-01
   9.5400000e+01   1.1536187e+00
   9.5500000e+01   1.0545559e+00
   9.5600000e+01   1.0630456e+00
   9.5700000e+01   9.8489271e-01
   9.5800000e+01   1.0785738e+00
   9.5900000e+01   1.0121049e+00
   9.6000000e+01   1.0240978e+00
   9.6100000e+01   7.5239170e-01
   9.6200000e+01   1.0792061e+00
   9.6300000e+01   1.1449634e+00
   9.6400000e+01   1.0143442e+00
   9.6500000e+01   9.8451952e-01
   9.6600000e+01   1.0277596e+00
   9.6700000e+01   9.2107284e-01
   9.6800000e+01   1.0423488e+00
   9.6900000e+01   9.1670854e-01
   9.7000000e+01   9.9339102e-01
   9.7100000e+01   9.2288242e-01
   9.7200000e+01   9.2216122e-01
   9.7300000e+01   9.7727642e-01
   9.7400000e+01   9.6460998e-01
   9.7500000e+01   1.1334265e+00
   9.7600000e+01   1.0601824e+00
   9.7700000e+01   1.0626464e+00
   9.7800000e+01   8.9591343e-01
   9.7900000e+01   8.4217621e-01
   9.8000000e+01   8.8896757e-01
   9.8100000e+01   1.1472449e+00
   9.8200000e+01   9.6506392e-01
   9.8300000e+01   9.2207625e-01
   9.8400000e+01   9.6136514e-01
   9.8500000e+01   8.5513109e-01
   9.8600000e+01   1.0097804e+00
   9.8700000e+01   8.7507607e-01
   9.8800000e+01   1.0851007e+00
   9.8900000e+01   9.9352025e-01
   9.9000000e+01   1.0485926e+00
   9.9100000e+01   1.0025574e+00
   9.9200000e+01   1.0085030e+00
   9.9300000e+01   1.1616471e+00
   9.9400000e+01   1.1159291e+00
   9.9500000e+01   9.7121698e-01
   9.9600000e+01   1.2204327e+00
   9.9700000e+01   9.8972162e-01
   9.9800000e+01   9.7360292e-01
   9.9900000e+01   1.0140249e+00
   1.0000000e+02   1.0090283e+00
   1.0010000e+02  -1.7751240e-01
   1.0020000e+02  -4.9002634e-02
   1.0030000e+02   5.5462576e-02
   1.0040000e+02   1.4535767e-01
   1.0050000e+02   3.7903480e-02
   1.0060000e+02  -2.5046757e-02
   1.0070000e+02  -1.6201498e-01
   1.0080000e+02  -1.9118569e-01
   1.0090000e+02  -3.7921615e-02
   1.0100000e+02  -2.2775217e-03
   1.0110000e+02  -1.1643391e-01
   1.0120000e+02   7.5455422e-02
   1.0130000e+02   1.6372542e-02
   1.0140000e+02  -8.3987905e-02
   1.0150000e+02  -3.0515128e-02
   1.0160000e+02  -1.7256857e-01
   1.0170000e+02   2.0058321e-01
   1.0180000e+02   5.9911133e-02
   1.0190000e+02  -9.2928909e-02
   1.0200000e+02  -4.7154572e-03
   1.0210000e+02  -1.5654747e-02
   1.0220000e+02  -8.6632450e-02
   1.0230000e+02   5.2712088e-02
   1.0240000e+02  -1.1756287e-02
   1.0250000e+02  -4.8337435e-02
   1.0260000e+02   6.7727193e-02
   1.0270000e+02  -1.0203314e-01
   1.0280000e+02  -8.3621260e-02
   1.0290000e+02  -3.1854203e-02
   1.0300000e+02   8.5089320e-02
   1.0310000e+02  -5.2338974e-03
   1.0320000e+02  -4.1396942e-02
   1.0330000e+02   1.8625052e-02
   1.0340000e+02  -6.0806171e-02
   1.0350000e+02   1.3037185e-01
   1.0360000e+02  -1.7813310e-01
   1.0370000e+02   4.8260925e-02
   1.0380000e+02  -1.4693841e-02
   1.0390000e+02  -7.9404156e-02
   1.0400000e+02  -8.8386165e-02
   1.0410000e+02  -1.1056460e-01
   1.0420000e+02   4.5404357e-02
   1.0430000e+02   2.1665499e-01
   1.0440000e+02   2.4761220e-02
   1.0450000e+02  -4.8038247e-02
   1.0460000e+02  -7.9040309e-02
   1.0470000e+02  -7.3075928e-02
   1.0480000e+02   9.3742135e-02
   1.0490000e+02   1.5048678e-02
   1.0500000e+02   2.9525354e-03
   1.0510000e+02   7.8146189e-02
   1.0520000e+02  -2.5346827e-03
   1.0530000e+02   6.1690936e-02
   1.0540000e+02   9.3075195e-02
   1.0550000e+02  -1.0924848e-01
   1.0560000e+02   1.4820596e-01
   1.0570000e+02  -9.8938064e-02
   1.0580000e+02  -1.8645226e-02
   1.0590000e+02   2.1641461e-01
   1.0600000e+02  -1.9532649e-01
   1.0610000e+02  -2.1602391e-02
   1.0620000e+02   3.5210595e-02
   1.0630000e+02   2.1652525e-01
   1.0640000e+02   8.6981653e-02
   1.0650000e+02   5.7282404e-02
   1.0660000e+02  -2.8272114e-03
   1.0670000e+02   1.3292032e-01
   1.0680000e+02  -5.8724221e-02
   1.0690000e+02   1.3730132e-01
   1.0700000e+02   1.0198625e-01
   1.0710000e+02  -1.1195337e-01
   1.0720000e+02  -1.7961088e-02
   1.0730000e+02   1.0877021e-01
   1.0740000e+02  -6.0671236e-02
   1.0750000e+02  -8.7579923e-02
   1.0760000e+02   4.7762884e-02
   1.0770000e+02   1.5577437e-01
   1.0780000e+02   7.3126575e-03
   1.0790000e+02   5.7201164e-03
   1.0800000e+02   1.8365857e-01
   1.0810000e+02  -5.0226601e-02
   1.0820000e+02   8.2648456e-02
   1.0830000e+02   1.2692887e-01
   1.0840000e+02  -4.3508035e-02
   1.0850000e+02  -8.4331283e-02
   1.0860000e+02   9.0446740e-02
   1.0870000e+02   2.5263939e-01
   1.0880000e+02   7.0476626e-02
   1.0890000e+02   2.0876106e-01
   1.0900000e+02   5.0054603e-02
   1.0910000e+02  -1.0031050e-01
   1.0920000e+02  -1.7824369e-01
   1.0930000e+02  -2.6963800e-02
   1.0940000e+02   1.1732153e-02
   1.0950000e+02   7.2155473e-02
   1.0960000e+02   5.6505020e-02
   1.0970000e+02  -2.6345314e-01
   1.0980000e+02  -4.2801236e-02
   1.0990000e+02   7.2583371e-02
   1.1000000e+02   5.3210757e-02
   1.1010000e+02  -5.7594708e-02
   1.1020000e+02  -2.8300950e-03
   1.1030000e+02   5.9991599e-03
   1.1040000e+02   3.9374889e-02
   1.1050000e+02   1.7682259e-01
   1.1060000e+02   1.1994857e-01
   1.1070000e+02  -2.3851126e-02
   1.1080000e+02   1.0794849e-02
   1.1090000e+02   1.7169196e-02
   1.1100000e+02   1.5411936e-01
   1.1110000e+02   9.1272299e-05
   1.1120000e+02   1.6583106e-01
   1.1130000e+02  -2.1258078e-01
   1.1140000e+02  -6.5181045e-02
   1.1150000e+02  -7.4187320e-02
   1.1160000e+02  -1.4603362e-01
   1.1170000e+02  -1.6405185e-01
   1.1180000e+02   7.9013404e-02
   1.1190000e+02   2.1076905e-02
   1.1200000e+02   1.5701980e-01
   1.1210000e+02  -1.8001987e-02
   1.1220000e+02  -2.6330132e-02
   1.1230000e+02   2.3813555e-02
   1.1240000e+02  -1.6533483e-01
   1.1250000e+02  -1.7409131e-01
   1.1260000e+02   8.3279281e-02
   1.1270000e+02   8.9699491e-02
   1.1280000e+02  -1.4792443e-01
   1.1290000e+02  -7.1490826e-02
   1.1300000e+02   1.2837540e-01
   1.1310000e+02  -6.6233524e-02
   1.1320000e+02  -1.3657173e-01
   1.1330000e+02  -1.1922665e-01
   1.1340000e+02   1.4367478e-02
   1.1350000e+02   4.2619177e-04
   1.1360000e+02   1.6101080e-02
   1.1370000e+02  -4.5119249e-02
   1.1380000e+02  -3.1509348e-02
   1.1390000e+02   2.4137777e-01
   1.1400000e+02   7.3137862e-02
   1.1410000e+02  -1.9238180e-02
   1.1420000e+02  -1.5090668e-01
   1.1430000e+02   1.7435714e-01
   1.1440000e+02   3.6448991e-02
   1.1450000e+02  -1.9789243e-01
   1.1460000e+02  -1.3443711e-02
   1.1470000e+02  -5.4816902e-02
   1.1480000e+02  -2.6552743e-02
   1.1490000e+02  -3.6700726e-02
   1.1500000e+02   1.7618658e-01
   1.1510000e+02  -4.6635207e-02
   1.1520000e+02  -1.8357927e-02
   1.1530000e+02  -9.2639454e-02
   1.1540000e+02  -4.0896522e-02
   1.1550000e+02  -1.7419679e-03
   1.1560000e+02   1.8038314e-02
   1.1570000e+02   1.6189904e-01
   1.1580000e+02   1.9208687e-02
   1.1590000e+02  -7.7767106e-02
   1.1600000e+02   4.3489683e-02
   1.1610000e+02   1.4383463e-01
   1.1620000e+02  -1.0676190e-01
   1.1630000e+02  -7.3300436e-02
   1.1640000e+02  -2.3191709e-03
   1.1650000e+02   2.2294674e-02
   1.1660000e+02  -1.6804435e-01
   1.1670000e+02   2.2089209e-02
   1.1680000e+02  -8.4022153e-02
   1.1690000e+02   1.6993536e-02
   1.1700000e+02  -1.2580380e-01
   1.1710000e+02  -4.4459565e-02
   1.1720000e+02   1.2434772e-01
   1.1730000e+02  -7.7567577e-02
   1.1740000e+02  -1.4315695e-01
   1.1750000e+02   1.2275264e-01
   1.1760000e+02   1.0128065e-01
   1.1770000e+02  -1.1984237e-01
   1.1780000e+02   5.1352782e-02
   1.1790000e+02  -1.1286806e-01
   1.1800000e+02  -6.4167435e-02
   1.1810000e+02  -2.0815152e-01
   1.1820000e+02   3.8502147e-03
   1.1830000e+02   3.4134674e-03
   1.1840000e+02  -6.9410631e-02
   1.1850000e+02   1.7141349e-02
   1.1860000e+02   1.3744830e-01
   1.1870000e+02  -2.9761234e-02
   1.1880000e+02   5.5873121e-02
   1.1890000e+02  -1.5409264e-01
   1.1900000e+02   2.1462031e-01
   1.1910000e+02   5.6739081e-02
   1.1920000e+02   1.0209940e-01
   1.1930000e+02   1.3723096e-01
   1.1940000e+02   1.0255079e-01
   1.1950000e+02   4.8776687e-02
   1.1960000e+02  -5.1544330e-02
   1.1970000e+02  -1.2822907e-01
   1.1980000e+02   1.0996345e-01
   1.1990000e+02   6.0470452e-02
   1.2000000e+02  -5.6871184e-02
   1.2010000e+02   9.6329083e-03
   1.2020000e+02   4.2717262e-02
   1.2030000e+02   1.1781263e-01
   1.2040000e+02  -3.0687757e-02
   1.2050000e+02  -8.2167986e-02
   1.2060000e+02  -1.1683637e-01
   1.2070000e+02   6.0723109e-02
   1.2080000e+02  -1.8602361e-02
   1.2090000e+02   7.8002898e-02
   1.2100000e+02   3.6923338e-02
   1.2110000e+02   7.4736576e-02
   1.2120000e+02  -3.1919885e-03
   1.2130000e+02  -9.9812089e-02
   1.2140000e+02  -3.8281947e-02
   1.2150000e+02   1.1954089e-01
   1.2160000e+02  -1.5970659e-01
   1.2170000e+02  -2.5105860e-02
   1.2180000e+02   2.9303572e-02
   1.2190000e+02  -9.1405206e-02
   1.2200000e+02   1.2465035e-01
   1.2210000e+02  -3.6994222e-02
   1.2220000e+02   4.1231942e-02
   1.2230000e+02  -1.0715752e-01
   1.2240000e+02  -1.8741093e-02
   1.2250000e+02   9.0364852e-02
   1.2260000e+02   1.6849602e-02
   1.2270000e+02  -4.6079346e-02
   1.2280000e+02  -2.0836386e-02
   1.2290000e+02  -5.1236464e-02
   1.2300000e+02   1.1142790e-02
   1.2310000e+02   1.5110622e-02
   1.2320000e+02   1.7383509e-01
   1.2330000e+02  -2.0926412e-02
   1.2340000e+02   4.2258142e-03
   1.2350000e+02  -3.7983794e-02
   1.2360000e+02   6.0398116e-02
   1.2370000e+02   2.6821565e-02
   1.2380000e+02  -8.5587530e-02
   1.2390000e+02   2.2271956e-01
   1.2400000e+02  -1.2224478e-02
   1.2410000e+02  -9.8657965e-02
   1.2420000e+02  -1.8621779e-01
   1.2430000e+02   1.8806220e-02
   1.2440000e+02  -1.5548626e-02
   1.2450000e+02   7.9026122e-02
   1.2460000e+02   2.1964010e-01
   1.2470000e+02  -1.6389740e-01
   1.2480000e+02  -2.4751118e-02
   1.2490000e+02   4.5322201e-02
   1.2500000e+02  -8.7229889e-02
   1.2510000e+02   5.5330233e-02
   1.2520000e+02  -9.9960493e-02
   1.2530000e+02  -2.4442560e-02
   1.2540000e+02   1.1699645e-01
   1.2550000e+02  -1.8357878e-02
   1.2560000e+02   2.1414206e-01
   1.2570000e+02  -1.0613575e-01
   1.2580000e+02  -7.7074279e-02
   1.2590000e+02  -6.7737191e-02
   1.2600000e+02  -7.4993594e-02
   1.2610000e+02   1.4037755e-01
   1.2620000e+02   6.1184968e-02
   1.2630000e+02   5.6703431e-02
   1.2640000e+02   1.9137661e-01
   1.2650000e+02   8.1527333e-02
   1.2660000e+02  -2.9064084e-02
   1.2670000e+02  -3.3180611e-01
   1.2680000e+02  -2.3017209e-02
   1.2690000e+02  -5.4068492e-02
   1.2700000e+02   1.0903528e-01
   1.2710000e+02  -9.5686522e-02
   1.2720000e+02   4.2356635e-02
   1.2730000e+02   7.5350259e-02
   1.2740000e+02   2.3929844e-02
   1.2750000e+02  -1.5894380e-01
   1.2760000e+02  -3.7772000e-02
   1.2770000e+02  -8.8029237e-02
   1.2780000e+02   5.6969999e-02
   1.2790000e+02  -2.0202750e-01
   1.2800000e+02   1.5311011e-02
   1.2810000e+02   2.9609998e-02
   1.2820000e+02  -2.4499863e-02
   1.2830000e+02  -2.2713935e-02
   1.2840000e+02  -1.7933654e-01
   1.2850000e+02   1.4323709e-02
   1.2860000e+02  -1.3003298e-01
   1.2870000e+02   1.4807747e-01
   1.2880000e+02   3.7040633e-02
   1.2890000e+02   1.7607798e-02
   1.2900000e+02  -1.6499575e-01
   1.2910000e+02   5.0106221e-02
   1.2920000e+02  -1.6748094e-02
   1.2930000e+02  -1.3159524e-01
   1.2940000e+02   5.6612663e-03
   1.2950000e+02  -3.6048036e-02
   1.2960000e+02  -2.8791261e-02
   1.2970000e+02   5.9784006e-02
   1.2980000e+02   5.6044170e-02
   1.2990000e+02  -1.8065652e-02
   1.3000000e+02   6.1589897e-02
   1.3010000e+02  -8.2137689e-02
   1.3020000e+02  -1.0619054e-01
   1.3030000e+02  -1.4333697e-01
   1.3040000e+02  -7.1985601e-02
   1.3050000e+02  -8.0794948e-02
   1.3060000e+02   5.5593066e-02
   1.3070000e+02  -8.5919911e-02
   1.3080000e+02  -7.2324033e-02
   1.3090000e+02  -2.9282898e-02
   1.3100000e+02  -6.5769991e-02
   1.3110000e+02  -3.3666466e-02
   1.3120000e+02   1.5566005e-01
   1.3130000e+02  -6.7380165e-02
   1.3140000e+02   2.9595077e-02
   1.3150000e+02  -1.3761398e-01
   1.3160000e+02  -1.3677775e-01
   1.3170000e+02   6.5056880e-02
   1.3180000e+02  -1.7455156e-01
   1.3190000e+02   1.3676148e-01
   1.3200000e+02   6.6272979e-02
   1.3210000e+02  -9.5602911e-02
   1.3220000e+02  -2.4272866e-02
   1.3230000e+02  -6.4515270e-02
   1.3240000e+02   3.7747827e-02
   1.3250000e+02   1.9199231e-01
   1.3260000e+02  -1.5032213e-01
   1.3270000e+02   3.0306473e-02
   1.3280000e+02   1.6379798e-01
   1.3290000e+02   1.0505288e-01
   1.3300000e+02  -1.6483158e-01
   1.3310000e+02   1.7978489e-02
   1.3320000e+02   8.0099166e-02
   1.3330000e+02  -1.0340510e-01
   1.3340000e+02   7.8815591e-02
   1.3350000e+02   1.0768083e-01
   1.3360000e+02   4.0192788e-02
   1.3370000e+02   9.9583837e-02
   1.3380000e+02   1.4064433e-01
   1.3390000e+02   8.8870171e-02
   1.3400000e+02   1.2970241e-01
   1.3410000e+02  -3.0893965e-02
   1.3420000e+02   1.2322187e-01
   1.3430000e+02  -1.4912121e-01
   1.3440000e+02   1.9919256e-02
   1.3450000e+02   6.6966842e-02
   1.3460000e+02   2.3819290e-01
   1.3470000e+02   6.8194622e-02
   1.3480000e+02   6.3514826e-02
   1.3490000e+02   9.2352243e-02
   1.3500000e+02  -4.9143794e-02
   1.3510000e+02   1.5304799e-02
   1.3520000e+02   2.2392690e-01
   1.3530000e+02  -1.6621203e-01
   1.3540000e+02   1.7415903e-01
   1.3550000e+02   6.6783171e-03
   1.3560000e+02   3.7162510e-03
   1.3570000e+02   1.3060729e-01
   1.3580000e+02   3.8484372e-02
   1.3590000e+02  -3.5512868e-02
   1.3600000e+02   1.0388653e-01
   1.3610000e+02  -2.2258854e-02
   1.3620000e+02   2.3789021e-01
   1.3630000e+02  -1.4070615e-02
   1.3640000e+02  -4.4074026e-03
   1.3650000e+02  -7.6448627e-02
   1.3660000e+02   7.4214700e-02
   1.3670000e+02   1.7289088e-01
   1.3680000e+02   1.3243106e-01
   1.3690000e+02  -1.3534244e-01
   1.3700000e+02  -1.7512624e-01
   1.3710000e+02   7.1210122e-02
   1.3720000e+02  -1.7384121e-01
   1.3730000e+02  -2.7757315e-02
   1.3740000e+02  -1.8580721e-01
   1.3750000e+02   1.0728967e-01
   1.3760000e+02   1.1353949e-01
   1.3770000e+02   4.1916001e-02
   1.3780000e+02  -7.6422756e-02
   1.3790000e+02  -1.0785835e-02
   1.3800000e+02   1.4520491e-01
   1.3810000e+02  -4.7742128e-02
   1.3820000e+02   1.4585241e-01
   1.3830000e+02   5.0010827e-02
   1.3840000e+02   1.1871530e-01
   1.3850000e+02  -3.3308993e-01
   1.3860000e+02   4.8759427e-02
   1.3870000e+02   7.8895759e-02
   1.3880000e+02  -4.3592014e-02
   1.3890000e+02   1.9774931e-01
   1.3900000e+02   1.3587426e-02
   1.3910000e+02   3.0232671e-03
   1.3920000e+02  -1.9118980e-03
   1.3930000e+02  -1.0863399e-01
   1.3940000e+02   2.9214833e-02
   1.3950000e+02   8.4422835e-02
   1.3960000e+02   2.6234740e-02
   1.3970000e+02   3.7608587e-02
   1.3980000e+02  -4.4645495e-02
   1.3990000e+02   6.3421678e-02
   1.4000000e+02  -5.6769693e-02
   1.4010000e+02   3.1506128e-02
   1.4020000e+02   7.5592549e-02
   1.4030000e+02  -8.8630443e-02
   1.4040000e+02   9.7301060e-02
   1.4050000e+02  -3.6285270e-02
   1.4060000e+02   6.1253412e-02
   1.4070000e+02   3.3932846e-01
   1.4080000e+02  -9.6081104e-02
   1.4090000e+02   2.4381173e-01
   1.4100000e+02   8.2056508e-03
   1.4110000e+02  -1.2596741e-02
   1.4120000e+02   6.2256284e-02
   1.4130000e+02   1.0235824e-01
   1.4140000e+02  -1.3293520e-01
   1.4150000e+02   1.6286577e-02
   1.4160000e+02   5.0085711e-02
   1.4170000e+02  -5.2695571e-02
   1.4180000e+02  -5.3180369e-02
   1.4190000e+02  -5.1037331e-02
   1.4200000e+02   6.8768865e-02
   1.4210000e+02  -1.2465213e-01
   1.4220000e+02  -1.0871584e-02
   1.4230000e+02   7.2981678e-02
   1.4240000e+02  -1.1974238e-02
   1.4250000e+02   6.1539086e-02
   1.4260000e+02  -1.1074863e-01
   1.4270000e+02  -7.2987174e-04
   1.4280000e+02   1.1770302e-01
   1.4290000e+02  -1.1602011e-01
   1.4300000e+02  -2.2577578e-01
   1.4310000e+02  -6.9668850e-02
   1.4320000e+02  -6.9975316e-02
   1.4330000e+02   4.1524738e-02
   1.4340000e+02  -5.4102229e-02
   1.4350000e+02   1.0300050e-02
   1.4360000e+02  -1.9863580e-01
   1.4370000e+02   1.3577389e-01
   1.4380000e+02  -1.2538142e-02
   1.4390000e+02  -6.8770272e-02
   1.4400000e+02  -1.4902249e-01
   1.4410000e+02  -1.7442954e-02
   1.4420000e+02  -8.1541055e-02
   1.4430000e+02  -4.0871084e-02
   1.4440000e+02   6.5182947e-02
   1.4450000e+02  -9.7110438e-02
   1.4460000e+02   1.3396295e-01
   1.4470000e+02  -1.1590775e-01
   1.4480000e+02  -5.7951624e-03
   1.4490000e+02   4.8301548e-02
   1.4500000e+02  -1.6655297e-01
   1.4510000e+02  -5.1168512e-02
   1.4520000e+02   7.3424181e-02
   1.4530000e+02  -4.9589320e-02
   1.4540000e+02   3.2956664e-02
   1.4550000e+02  -7.0592308e-02
   1.4560000e+02  -5.5136065e-02
   1.4570000e+02  -6.7526489e-02
   1.4580000e+02  -1.5776985e-01
   1.4590000e+02  -1.0170910e-01
   1.4600000e+02  -6.9506236e-02
   1.4610000e+02   1.5060046e-02
   1.4620000e+02   9.3874317e-03
   1.4630000e+02  -5.8116605e-02
   1.4640000e+02   1.1053726e-01
   1.4650000e+02   3.8149050e-02
   1.4660000e+02  -1.5538196e-01
   1.4670000e+02  -4.7342268e-02
   1.4680000e+02  -2.9415049e-01
   1.4690000e+02   1.2980851e-02
   1.4700000e+02   1.9851276e-01
   1.4710000e+02  -4.8906579e-02
   1.4720000e+02   6.1085930e-02
   1.4730000e+02  -1.1647745e-01
   1.4740000e+02  -6.0580722e-02
   1.4750000e+02  -5.9338723e-03
   1.4760000e+02   1.6581488e-01
   1.4770000e+02   8.6124289e-02
   1.4780000e+02   1.7599045e-01
   1.4790000e+02  -6.9351961e-02
   1.4800000e+02   1.7006828e-01
   1.4810000e+02  -1.1204537e-01
   1.4820000e+02   6.4258686e-03
   1.4830000e+02  -3.2784401e-02
   1.4840000e+02   2.3920690e-01
   1.4850000e+02  -6.6013293e-02
   1.4860000e+02   7.9167622e-02
   1.4870000e+02   8.7757096e-02
   1.4880000e+02   2.0157794e-01
   1.4890000e+02   1.0218981e-03
   1.4900000e+02  -1.5621418e-01
   1.4910000e+02   1.4490809e-01
   1.4920000e+02   3.8650978e-02
   1.4930000e+02   4.0693933e-02
   1.4940000e+02  -6.7098495e-03
   1.4950000e+02  -8.3513314e-02
   1.4960000e+02  -5.3503840e-02
   1.4970000e+02  -5.2205320e-02
   1.4980000e+02  -4.1631070e-02
   1.4990000e+02   6.9451398e-02
   1.5000000e+02   1.0790889e-01
   1.5010000e+02   2.1337064e-01
   1.5020000e+02  -2.6592399e-02
   1.5030000e+02  -1.4017122e-01
   1.5040000e+02   1.5403681e-01
   1.5050000e+02  -1.2775348e-02
   1.5060000e+02  -8.4420810e-02
   1.5070000e+02   5.1249159e-02
   1.5080000e+02   6.1635886e-03
   1.5090000e+02  -2.5394888e-02
   1.5100000e+02   4.3687438e-02
   1.5110000e+02   3.7330743e-02
   1.5120000e+02  -7.7970367e-02
   1.5130000e+02   2.8377907e-02
   1.5140000e+02  -1.0083746e-01
   1.5150000e+02  -3.1863997e-02
   1.5160000e+02  -6.0676934e-02
   1.5170000e+02  -1.2898568e-02
   1.5180000e+02   8.5489959e-02
   1.5190000e+02  -1.0944401e-01
   1.5200000e+02  -1.2933813e-02
   1.5210000e+02   3.4211863e-02
   1.5220000e+02   8.4221023e-02
   1.5230000e+02   1.5610936e-01
   1.5240000e+02  -1.2075752e-01
   1.5250000e+02   4.6165600e-02
   1.5260000e+02   2.3870989e-01
   1.5270000e+02   4.7727406e-02
   1.5280000e+02   6.8283241e-02
   1.5290000e+02   2.0646362e-02
   1.5300000e+02  -6.8225728e-02
   1.5310000e+02   4.1567857e-02
   1.5320000e+02   6.1095565e-02
   1.5330000e+02   6.5844723e-02
   1.5340000e+02   4.7554853e-02
   1.5350000e+02   2.8048332e-01
   1.5360000e+02  -1.2522405e-02
   1.5370000e+02   2.1598529e-01
   1.5380000e+02   4.5425646e-02
   1.5390000e+02   4.5005311e-02
   1.5400000e+02  -1.2402858e-01
   1.5410000e+02   6.3168886e-02
   1.5420000e+02   5.4026966e-02
   1.5430000e+02  -1.4054534e-01
   1.5440000e+02   1.4170099e-01
   1.5450000e+02   8.5423526e-02
   1.5460000e+02  -1.4598637e-01
   1.5470000e+02  -8.0889379e-03
   1.5480000e+02   1.8257698e-01
   1.5490000e+02  -7.6728929e-02
   1.5500000e+02   9.2455519e-04
   1.5510000e+02  -7.5561070e-02
   1.5520000e+02  -2.3008389e-03
   1.5530000e+02   6.7745164e-02
   1.5540000e+02  -1.7118326e-01
   1.5550000e+02  -1.9490420e-02
   1.5560000e+02  -1.3505608e-01
   1.5570000e+02  -1.0634133e-02
   1.5580000e+02  -3.7894970e-02
   1.5590000e+02  -5.3368895e-02
   1.5600000e+02  -1.9215900e-01
   1.5610000e+02   1.1009021e-01
   1.5620000e+02  -6.6170391e-02
   1.5630000e+02   1.4394761e-01
   1.5640000e+02  -1.1673547e-01
   1.5650000e+02   5.8291475e-03
   1.5660000e+02  -9.9891349e-02
   1.5670000e+02   5.7733876e-04
   1.5680000e+02  -7.8783521e-02
   1.5690000e+02  -2.2612601e-01
   1.5700000e+02  -3.6041783e-02
   1.5710000e+02   4.1160600e-02
   1.5720000e+02   3.5050978e-02
   1.5730000e+02   1.3667263e-02
   1.5740000e+02   8.0624476e-02
   1.5750000e+02  -1.6736105e-01
   1.5760000e+02   4.1161333e-02
   1.5770000e+02  -6.3488631e-02
   1.5780000e+02   1.8108650e-01
   1.5790000e+02  -4.1577115e-02
   1.5800000e+02   4.8790706e-02
   1.5810000e+02  -5.8047630e-02
   1.5820000e+02  -4.2150518e-01
   1.5830000e+02  -1.4114192e-01
   1.5840000e+02  -1.0025802e-01
   1.5850000e+02  -9.0410565e-03
   1.5860000e+02   1.1368664e-01
   1.5870000e+02  -1.4272590e-01
   1.5880000e+02  -8.0536572e-02
   1.5890000e+02   1.0252705e-01
   1.5900000e+02   1.6525423e-01
   1.5910000e+02   8.4857841e-02
   1.5920000e+02   3.3263892e-02
   1.5930000e+02   7.6563916e-02
   1.5940000e+02  -4.0683137e-02
   1.5950000e+02   6.3798376e-02
   1.5960000e+02  -1.0721101e-01
   1.5970000e+02  -1.0278534e-01
   1.5980000e+02  -1.0489196e-01
   1.5990000e+02   3.7639938e-02
   1.6000000e+02   6.7099112e-02
   1.6010000e+02   6.8348072e-02
   1.6020000e+02   4.6482168e-02
   1.6030000e+02  -6.3489701e-02
   1.6040000e+02   1.9322166e-01
   1.6050000e+02  -1.2302411e-01
   1.6060000e+02  -7.3012475e-02
   1.6070000e+02  -1.2800536e-02
   1.6080000e+02   1.8940271e-01
   1.6090000e+02  -1.1134498e-01
   1.6100000e+02   6.1699436e-02
   1.6110000e+02   5.3065187e-02
   1.6120000e+02   8.4807781e-03
   1.6130000e+02   1.4788764e-01
   1.6140000e+02   1.0055607e-01
   1.6150000e+02  -9.4207135e-02
   1.6160000e+02   1.6648753e-01
   1.6170000e+02   1.1998520e-01
   1.6180000e+02  -2.9375315e-01
   1.6190000e+02   1.6732638e-02
   1.6200000e+02  -1.0134621e-01
   1.6210000e+02   1.7798517e-01
   1.6220000e+02   6.8210400e-02
   1.6230000e+02   1.0296664e-01
   1.6240000e+02   2.1178972e-01
   1.6250000e+02  -1.5909354e-01
   1.6260000e+02   2.4363648e-02
   1.6270000e+02   8.1454752e-02
   1.6280000e+02   1.0301599e-01
   1.6290000e+02  -5.9145747e-02
   1.6300000e+02  -7.2496933e-02
   1.6310000e+02   4.2340252e-02
   1.6320000e+02   7.3909261e-02
   1.6330000e+02   6.2063910e-02
   1.6340000e+02   1.2735093e-02
   1.6350000e+02  -9.3079955e-03
   1.6360000e+02  -1.8145954e-01
   1.6370000e+02   7.7704495e-02
   1.6380000e+02  -8.0914203e-03
   1.6390000e+02   4.0223057e-02
   1.6400000e+02   6.1325304e-02
   1.6410000e+02   1.7052352e-02
   1.6420000e+02   4.9143297e-02
   1.6430000e+02  -5.4906986e-02
   1.6440000e+02   3.5628003e-02
   1.6450000e+02  -2.3323618e-02
   1.6460000e+02  -4.7447420e-02
   1.6470000e+02  -9.7834809e-02
   1.6480000e+02  -8.8273439e-02
   1.6490000e+02  -1.2409657e-02
   1.6500000e+02  -6.8619893e-02
   1.6510000e+02   1.3951416e-01
   1.6520000e+02   3.0811755e-02
   1.6530000e+02   5.8855689e-02
   1.6540000e+02  -4.4335633e-02
   1.6550000e+02  -3.9159440e-02
   1.6560000e+02  -2.7208631e-02
   1.6570000e+02  -4.4334625e-02
   1.6580000e+02   6.8352989e-02
   1.6590000e+02  -9.1161261e-02
   1.6600000e+02   5.2470570e-02
   1.6610000e+02   3.4274068e-02
   1.6620000e+02   2.8189636e-02
   1.6630000e+02   1.6877691e-02
   1.6640000e+02  -3.7441849e-02
   1.6650000e+02   8.2110369e-02
   1.6660000e+02  -5.1159431e-02
   1.6670000e+02  -1.5183563e-01
   1.6680000e+02  -5.2889337e-02
   1.6690000e+02  -9.6577481e-02
   1.6700000e+02   1.2100681e-01
   1.6710000e+02  -5.3900720e-02
   1.6720000e+02   1.0594331e-01
   1.6730000e+02  -9.2076224e-04
   1.6740000e+02  -8.6987393e-02
   1.6750000e+02   9.3265383e-02
   1.6760000e+02  -5.3164983e-03
   1.6770000e+02   9.7524122e-02
   1.6780000e+02   7.0875810e-02
   1.6790000e+02   2.4450728e-02
   1.6800000e+02  -4.9705359e-02
   1.6810000e+02   2.8074583e-02
   1.6820000e+02  -4.4005917e-02
   1.6830000e+02  -7.3610061e-02
   1.6840000e+02   1.1156299e-01
   1.6850000e+02  -1.4967253e-02
   1.6860000e+02   6.5793187e-02
   1.6870000e+02  -7.7414967e-02
   1.6880000e+02   2.4182627e-01
   1.6890000e+02   9.5385349e-02
   1.6900000e+02  -2.2609495e-02
   1.6910000e+02  -5.1394246e-02
   1.6920000e+02  -4.6049045e-03
   1.6930000e+02  -5.0310678e-02
   1.6940000e+02  -4.2925111e-02
   1.6950000e+02   6.2544993e-02
   1.6960000e+02   1.2393415e-01
   1.6970000e+02  -3.2621221e-02
   1.6980000e+02   8.1453194e-02
   1.6990000e+02   1.4555971e-01
   1.7000000e+02  -1.8636316e-01
   1.7010000e+02   9.5739597e-02
   1.7020000e+02   1.3357308e-01
   1.7030000e+02  -1.7801931e-02
   1.7040000e+02  -7.1471212e-02
   1.7050000e+02   1.8318364e-02
   1.7060000e+02   1.4786469e-02
   1.7070000e+02  -1.2571090e-01
   1.7080000e+02  -5.5586948e-02
   1.7090000e+02   6.7613586e-02
   1.7100000e+02  -4.8232872e-02
   1.7110000e+02   1.3660461e-01
   1.7120000e+02  -2.7027597e-02
   1.7130000e+02  -1.1958416e-01
   1.7140000e+02   1.4920875e-01
   1.7150000e+02   1.5716355e-01
   1.7160000e+02   5.2326494e-02
   1.7170000e+02   9.8956707e-02
   1.7180000e+02  -6.6167672e-02
   1.7190000e+02  -2.6835795e-03
   1.7200000e+02   4.0890191e-02
   1.7210000e+02  -8.7766224e-03
   1.7220000e+02  -1.0801149e-01
   1.7230000e+02   1.1121933e-01
   1.7240000e+02   9.7190324e-02
   1.7250000e+02   1.6067397e-01
   1.7260000e+02   5.8685428e-02
   1.7270000e+02   2.0014149e-02
   1.7280000e+02  -2.0227335e-02
   1.7290000e+02  -4.8132068e-02
   1.7300000e+02   2.4796809e-01
   1.7310000e+02  -5.6380146e-02
   1.7320000e+02   4.0693700e-02
   1.7330000e+02   2.3305471e-01
   1.7340000e+02  -5.9587153e-02
   1.7350000e+02   1.4794552e-03
   1.7360000e+02  -2.3569958e-02
   1.7370000e+02   7.4482995e-02
   1.7380000e+02   1.4771230e-02
   1.7390000e+02  -1.8652905e-01
   1.7400000e+02   5.2777756e-02
   1.7410000e+02   7.5421891e-02
   1.7420000e+02   7.4373310e-02
   1.7430000e+02  -4.7342446e-02
   1.7440000e+02   1.5138000e-01
   1.7450000e+02  -1.6941362e-01
   1.7460000e+02   1.6701628e-01
   1.7470000e+02   1.4110279e-01
   1.7480000e+02  -7.3495838e-02
   1.7490000e+02  -5.0947515e-02
   1.7500000e+02  -1.1931173e-01
   1.7510000e+02  -4.5087896e-02
   1.7520000e+02  -1.1203487e-01
   1.7530000e+02   9.5319773e-02
   1.7540000e+02   9.2334947e-03
   1.7550000e+02  -6.1838560e-02
   1.7560000e+02  -1.4969915e-01
   1.7570000e+02   9.4534738e-03
   1.7580000e+02  -6.2552013e-02
   1.7590000e+02  -1.6579889e-01
   1.7600000e+02   2.4818779e-01
   1.7610000e+02   5.7037960e-02
   1.7620000e+02  -5.1087530e-02
   1.7630000e+02  -1.4130199e-01
   1.7640000e+02   1.4832817e-01
   1.7650000e+02  -2.3173829e-01
   1.7660000e+02   1.2064494e-03
   1.7670000e+02   2.9398516e-02
   1.7680000e+02  -8.7864079e-02
   1.7690000e+02  -1.2915055e-01
   1.7700000e+02  -5.3102541e-02
   1.7710000e+02  -7.2139255e-02
   1.7720000e+02  -3.9350428e-01
   1.7730000e+02   5.1388394e-02
   1.7740000e+02   1.0323904e-01
   1.7750000e+02   1.3552363e-01
   1.7760000e+02  -4.3296347e-02
   1.7770000e+02   5.8597239e-02
   1.7780000e+02   4.4485096e-02
   1.7790000e+02   2.9013523e-01
   1.7800000e+02   6.7087392e-03
   1.7810000e+02   1.8549785e-02
   1.7820000e+02   1.7084911e-01
   1.7830000e+02  -1.8349390e-01
   1.7840000e+02  -1.9564480e-01
   1.7850000e+02  -3.5007950e-02
   1.7860000e+02   2.3501205e-01
   1.7870000e+02   1.5298555e-01
   1.7880000e+02   9.4897913e-02
   1.7890000e+02   1.1856091e-01
   1.7900000e+02   2.1363622e-02
   1.7910000e+02   3.5193542e-02
   1.7920000e+02  -1.1847971e-01
   1.7930000e+02  -3.4157305e-02
   1.7940000e+02  -1.4678881e-02
   1.7950000e+02   4.8883869e-02
   1.7960000e+02   2.3547568e-02
   1.7970000e+02   1.9821148e-02
   1.7980000e+02  -6.2725035e-02
   1.7990000e+02   1.2381070e-01
   1.8000000e+02  -5.3244433e-02
   1.8010000e+02   1.7071396e-02
   1.8020000e+02   2.6109423e-02
   1.8030000e+02  -9.3809681e-02
   1.8040000e+02  -8.2283602e-02
   1.8050000e+02  -5.9880768e-02
   1.8060000e+02  -1.8079646e-01
   1.8070000e+02  -8.5880989e-03
   1.8080000e+02   5.2001212e-02
   1.8090000e+02   1.0633225e-01
   1.8100000e+02   1.9818866e-02
   1.8110000e+02  -1.3281328e-01
   1.8120000e+02   9.4299022e-03
   1.8130000e+02   4.1952962e-02
   1.8140000e+02  -1.1333386e-01
   1.8150000e+02  -1.3929000e-01
   1.8160000e+02  -8.7594829e-02
   1.8170000e+02  -1.0401773e-01
   1.8180000e+02   1.9890473e-02
   1.8190000e+02  -5.0968802e-02
   1.8200000e+02   3.4492461e-02
   1.8210000e+02  -3.1029391e-03
   1.8220000e+02   1.2079065e-03
   1.8230000e+02   1.6345454e-01
   1.8240000e+02   2.4718800e-02
   1.8250000e+02   2.8938336e-02
   1.8260000e+02   1.9930473e-02
   1.8270000e+02  -4.2079392e-02
   1.8280000e+02   9.6588074e-02
   1.8290000e+02  -6.0863142e-02
   1.8300000e+02   1.7760602e-01
   1.8310000e+02   4.3490859e-02
   1.8320000e+02   1.8137051e-01
   1.8330000e+02  -4.0040671e-02
   1.8340000e+02   6.5278450e-02
   1.8350000e+02   4.4723882e-02
   1.8360000e+02   5.2994065e-02
   1.8370000e+02  -1.0973690e-01
   1.8380000e+02  -1.7514389e-01
   1.8390000e+02   5.7239085e-02
   1.8400000e+02   1.7629456e-02
   1.8410000e+02   3.9551815e-02
   1.8420000e+02   5.1890895e-02
   1.8430000e+02   9.8700277e-02
   1.8440000e+02   1.1910513e-01
   1.8450000e+02  -3.4474888e-02
   1.8460000e+02   5.5048934e-02
   1.8470000e+02  -1.2489518e-01
   1.8480000e+02   3.6182387e-02
   1.8490000e+02  -1.0470908e-01
   1.8500000e+02  -3.7535147e-02
   1.8510000e+02  -7.6182777e-02
   1.8520000e+02  -7.7609435e-02
   1.8530000e+02   8.4774642e-03
   1.8540000e+02  -3.7684353e-02
   1.8550000e+02  -1.3652801e-01
   1.8560000e+02  -1.1706784e-01
   1.8570000e+02   4.0123645e-02
   1.8580000e+02  -1.0550785e-02
   1.8590000e+02  -6.9407424e-02
   1.8600000e+02  -2.0564711e-02
   1.8610000e+02   5.5449944e-02
   1.8620000e+02  -1.3426314e-01
   1.8630000e+02  -1.1216773e-01
   1.8640000e+02  -5.3192278e-02
   1.8650000e+02   5.3624622e-02
   1.8660000e+02  -1.7564519e-02
   1.8670000e+02   3.1978080e-02
   1.8680000e+02   2.1106361e-02
   1.8690000e+02   1.3823952e-01
   1.8700000e+02  -7.4829807e-02
   1.8710000e+02  -8.5938990e-02
   1.8720000e+02  -3.9104210e-02
   1.8730000e+02  -2.0626697e-02
   1.8740000e+02   1.5263950e-01
   1.8750000e+02  -1.9109305e-01
   1.8760000e+02   7.5632606e-02
   1.8770000e+02   7.9590482e-03
   1.8780000e+02  -4.3831342e-02
   1.8790000e+02   3.5935719e-02
   1.8800000e+02   1.7635209e-01
   1.8810000e+02   6.7729731e-03
   1.8820000e+02   1.4068326e-01
   1.8830000e+02  -1.3598100e-01
   1.8840000e+02  -9.2925742e-02
   1.8850000e+02   6.7424758e-02
   1.8860000e+02  -5.2419766e-03
   1.8870000e+02   7.6113514e-02
   1.8880000e+02   8.6542313e-02
   1.8890000e+02   1.5713247e-01
   1.8900000e+02  -7.9114947e-02
   1.8910000e+02   7.7818899e-02
   1.8920000e+02   7.7976108e-04
   1.8930000e+02  -3.1810002e-02
   1.8940000e+02  -1.0586415e-01
   1.8950000e+02  -1.8405967e-01
   1.8960000e+02   8.0880110e-02
   1.8970000e+02  -5.9001845e-02
   1.8980000e+02  -2.7426536e-02
   1.8990000e+02   4.1635411e-02
   1.9000000e+02  -1.2615887e-01
   1.9010000e+02   9.1645537e-02
   1.9020000e+02  -3.1283729e-02
   1.9030000e+02  -3.9782935e-02
   1.9040000e+02   2.1427840e-01
   1.9050000e+02  -7.0956355e-02
   1.9060000e+02  -4.9872114e-03
   1.9070000e+02   6.2710198e-02
   1.9080000e+02   7.9412757e-02
   1.9090000e+02   2.3774015e-02
   1.9100000e+02  -2.2924178e-02
   1.9110000e+02   1.4962619e-02
   1.9120000e+02  -6.8478142e-02
   1.9130000e+02   8.1710182e-02
   1.9140000e+02  -1.0640479e-01
   1.9150000e+02   1.5312670e-01
   1.9160000e+02   1.0401316e-01
   1.9170000e+02  -2.2898529e-01
   1.9180000e+02  -7.4060267e-03
   1.9190000e+02  -7.0510449e-02
   1.9200000e+02   4.8214158e-02
   1.9210000e+02   4.5153186e-02
   1.9220000e+02   1.6771022e-01
   1.9230000e+02  -1.5630082e-02
   1.9240000e+02   1.9842120e-01
   1.9250000e+02  -5.1577068e-02
   1.9260000e+02   2.8079792e-02
   1.9270000e+02   1.0778139e-01
   1.9280000e+02  -3.3100787e-02
   1.9290000e+02   1.9523625e-02
   1.9300000e+02  -5.9152453e-02
   1.9310000e+02   2.6733823e-03
   1.9320000e+02  -1.4730576e-02
   1.9330000e+02  -8.4680538e-02
   1.9340000e+02   1.0626198e-01
   1.9350000e+02   9.0787136e-02
   1.9360000e+02   6.4893031e-03
   1.9370000e+02  -3.8261156e-02
   1.9380000e+02  -9.5195039e-02
   1.9390000e+02   5.4926970e-03
   1.9400000e+02   3.1091315e-01
   1.9410000e+02  -8.6506271e-02
   1.9420000e+02   6.2078558e-02
   1.9430000e+02  -9.0672248e-02
   1.9440000e+02  -1.6917989e-02
   1.9450000e+02   2.3065164e-03
   1.9460000e+02  -1.2767808e-01
   1.9470000e+02   6.9619904e-02
   1.9480000e+02  -7.4370498e-02
   1.9490000e+02  -2.1960916e-01
   1.9500000e+02   3.0327916e-02
   1.9510000e+02   1.0260718e-01
   1.9520000e+02   1.3119150e-01
   1.9530000e+02  -6.2167563e-02
   1.9540000e+02  -7.7810039e-02
   1.9550000e+02   1.3137703e-01
   1.9560000e+02  -7.5656253e-02
   1.9570000e+02   8.9008807e-02
   1.9580000e+02  -6.1498974e-03
   1.9590000e+02  -5.6148048e-02
   1.9600000e+02   9.0322945e-02
   1.9610000e+02   3.6853030e-02
   1.9620000e+02  -5.8334799e-02
   1.9630000e+02   5.8330362e-02
   1.9640000e+02  -4.5330751e-02
   1.9650000e+02  -6.8118284e-02
   1.9660000e+02   1.2382535e-01
   1.9670000e+02  -7.7047096e-02
   1.9680000e+02  -8.3931760e-02
   1.9690000e+02  -1.3535120e-02
   1.9700000e+02  -8.5318006e-02
   1.9710000e+02  -8.3018880e-03
   1.9720000e+02  -2.1515613e-02
   1.9730000e+02  -1.5581687e-01
   1.9740000e+02   1.4826575e-01
   1.9750000e+02  -4.5052102e-02
   1.9760000e+02   4.7426852e-02
   1.9770000e+02  -3.8832607e-03
   1.9780000e+02   5.9239233e-02
   1.9790000e+02  -4.3463019e-03
   1.9800000e+02   2.9993451e-02
   1.9810000e+02   1.4990964e-01
   1.9820000e+02  -7.5613103e-02
   1.9830000e+02  -8.8365143e-03
   1.9840000e+02   7.8916181e-02
   1.9850000e+02  -7.3383617e-02
   1.9860000e+02  -6.5816512e-02
   1.9870000e+02  -5.2976197e-02
   1.9880000e+02   1.3662596e-02
   1.9890000e+02  -8.4778158e-02
   1.9900000e+02   2.0417696e-01
   1.9910000e+02   2.4328057e-02
   1.9920000e+02   2.3497918e-02
   1.9930000e+02   1.3597948e-01
   1.9940000e+02   4.1974747e-02
   1.9950000e+02  -1.4334112e-01
   1.9960000e+02  -1.2186461e-01
   1.9970000e+02   2.0037100e-02
   1.9980000e+02  -1.9525419e-02
   1.9990000e+02  -1.4925384e-01
   2.0000000e+02  -4.7908602e-02
